## Gonalities of states (or bounds)

AL: 4
AK: 1
AZ: 6
AR: 3
CA: ≤ 40: (2, 0, 0, 2, 0, 1, 2, 1, 1, 0, 1, 0, 1, 0, 1, 0, 0, 0, 3, 4, 3, 2, 1, 0, 0, 4, 0, 1, 0, 1, 0, 2, 1, 2, 2, 1, 1, 0, 0, 0, 0, 0, 0, 0, 0, 0, 0, 0, 0, 0, 0)
CO: 5
CT: 3
DE: 1
FL: 8<, ≤13 : (0, 1, 0, 1, 1, 1, 1, 3, 0, 0, 2, 1, 2, 0, 0, 0, 0, 0, 0, 0, 0, 0, 0, 0, 0, 0) on pruned
GA: 8
HI: 1
ID: 1
IL: 9
IN: 5
IA: 2
KS: 2
KY: 3
LA: 3
ME: 1
MD: 4
MA: 3
MI: 7
MN: 4
MS: 2
MO: 3
MT: 1
NE: 2
NV: 2
NH: 1
NJ: 4
NM: 2
NY: 4<, ≤10: (0, 1, 1, 0, 1, 0, 3, 1, 0, 3, 0, 0, 0, 0, 0, 0, 0, 0, 0, 0, 0, 0, 0, 0, 0, 0)
NC: 6
ND: 1
OH: 8
OK: 3
OR: 3
PA: 8
RI: 1
SC: 3
SD: 1
TN: 3
TX: ≤28: (1, 0, 0, 0, 1, 2, 2, 3, 1, 2, 2, 1, 0, 1, 0, 3, 3, 1, 0, 0, 2, 0, 0, 2, 1, 0, 0, 0, 0, 0, 0, 0, 0, 0, 0)
UT: 2
VT: 1
VA: 5
WA: 6
WV: 1
WI: 4
WY: 1